#  i        E [GeV]   yield [GeV^-1 ann^-1]
   1   0.209426E-07   0.518933E+03
   2   0.229631E-07   0.509918E+03
   3   0.251785E-07   0.499934E+03
   4   0.276077E-07   0.493498E+03
   5   0.302712E-07   0.498120E+03
   6   0.331917E-07   0.512909E+03
   7   0.363940E-07   0.502795E+03
   8   0.399052E-07   0.490960E+03
   9   0.437552E-07   0.490798E+03
  10   0.479767E-07   0.503027E+03
  11   0.526054E-07   0.496914E+03
  12   0.576806E-07   0.486127E+03
  13   0.632456E-07   0.488916E+03
  14   0.693474E-07   0.492951E+03
  15   0.760379E-07   0.487365E+03
  16   0.833739E-07   0.476553E+03
  17   0.914176E-07   0.471319E+03
  18   0.100237E-06   0.466575E+03
  19   0.109908E-06   0.466149E+03
  20   0.120512E-06   0.470938E+03
  21   0.132139E-06   0.470097E+03
  22   0.144887E-06   0.461595E+03
  23   0.158866E-06   0.453951E+03
  24   0.174193E-06   0.447453E+03
  25   0.190999E-06   0.442283E+03
  26   0.209426E-06   0.444245E+03
  27   0.229631E-06   0.126031E+04
  28   0.251785E-06   0.247634E+04
  29   0.276077E-06   0.373273E+04
  30   0.302712E-06   0.478518E+04
  31   0.331917E-06   0.563123E+04
  32   0.363940E-06   0.631165E+04
  33   0.399052E-06   0.683456E+04
  34   0.437552E-06   0.722558E+04
  35   0.479767E-06   0.750583E+04
  36   0.526054E-06   0.768047E+04
  37   0.576806E-06   0.776152E+04
  38   0.632456E-06   0.778664E+04
  39   0.693474E-06   0.775405E+04
  40   0.760379E-06   0.766322E+04
  41   0.833739E-06   0.753656E+04
  42   0.914176E-06   0.737141E+04
  43   0.100237E-05   0.718203E+04
  44   0.109908E-05   0.696699E+04
  45   0.120512E-05   0.672950E+04
  46   0.132139E-05   0.649650E+04
  47   0.144887E-05   0.624420E+04
  48   0.158866E-05   0.599032E+04
  49   0.174193E-05   0.573624E+04
  50   0.190999E-05   0.548199E+04
  51   0.209426E-05   0.523266E+04
  52   0.229631E-05   0.497909E+04
  53   0.251785E-05   0.472966E+04
  54   0.276077E-05   0.448763E+04
  55   0.302712E-05   0.425397E+04
  56   0.331917E-05   0.402607E+04
  57   0.363940E-05   0.380610E+04
  58   0.399052E-05   0.359361E+04
  59   0.437552E-05   0.338906E+04
  60   0.479767E-05   0.319325E+04
  61   0.526054E-05   0.300824E+04
  62   0.576806E-05   0.283081E+04
  63   0.632456E-05   0.266241E+04
  64   0.693474E-05   0.250067E+04
  65   0.760379E-05   0.234510E+04
  66   0.833739E-05   0.220304E+04
  67   0.914176E-05   0.206409E+04
  68   0.100237E-04   0.193338E+04
  69   0.109908E-04   0.180976E+04
  70   0.120512E-04   0.169211E+04
  71   0.132139E-04   0.158232E+04
  72   0.144887E-04   0.147951E+04
  73   0.158866E-04   0.138276E+04
  74   0.174193E-04   0.129135E+04
  75   0.190999E-04   0.120509E+04
  76   0.209426E-04   0.112532E+04
  77   0.229631E-04   0.104939E+04
  78   0.251785E-04   0.977928E+03
  79   0.276077E-04   0.911191E+03
  80   0.302712E-04   0.848999E+03
  81   0.331917E-04   0.789998E+03
  82   0.363940E-04   0.735770E+03
  83   0.399052E-04   0.684528E+03
  84   0.437552E-04   0.636660E+03
  85   0.479767E-04   0.592409E+03
  86   0.526054E-04   0.550638E+03
  87   0.576806E-04   0.512156E+03
  88   0.632456E-04   0.475875E+03
  89   0.693474E-04   0.441857E+03
  90   0.760379E-04   0.410243E+03
  91   0.833739E-04   0.380931E+03
  92   0.914176E-04   0.353450E+03
  93   0.100237E-03   0.327991E+03
  94   0.109908E-03   0.304303E+03
  95   0.120512E-03   0.282161E+03
  96   0.132139E-03   0.261568E+03
  97   0.144887E-03   0.242615E+03
  98   0.158866E-03   0.224864E+03
  99   0.174193E-03   0.208347E+03
 100   0.190999E-03   0.193093E+03
 101   0.209426E-03   0.178928E+03
 102   0.229631E-03   0.165597E+03
 103   0.251785E-03   0.153277E+03
 104   0.276077E-03   0.141892E+03
 105   0.302712E-03   0.131348E+03
 106   0.331917E-03   0.121623E+03
 107   0.363940E-03   0.112417E+03
 108   0.399052E-03   0.103982E+03
 109   0.437552E-03   0.962063E+02
 110   0.479767E-03   0.889633E+02
 111   0.526054E-03   0.822271E+02
 112   0.576806E-03   0.759636E+02
 113   0.632456E-03   0.700742E+02
 114   0.693474E-03   0.645768E+02
 115   0.760379E-03   0.594831E+02
 116   0.833739E-03   0.547261E+02
 117   0.914176E-03   0.503321E+02
 118   0.100237E-02   0.462967E+02
 119   0.109908E-02   0.425816E+02
 120   0.120512E-02   0.391570E+02
 121   0.132139E-02   0.360335E+02
 122   0.144887E-02   0.331225E+02
 123   0.158866E-02   0.304423E+02
 124   0.174193E-02   0.279790E+02
 125   0.190999E-02   0.257147E+02
 126   0.209426E-02   0.236338E+02
 127   0.229631E-02   0.217134E+02
 128   0.251785E-02   0.199471E+02
 129   0.276077E-02   0.183197E+02
 130   0.302712E-02   0.168176E+02
 131   0.331917E-02   0.154312E+02
 132   0.363940E-02   0.141755E+02
 133   0.399052E-02   0.130134E+02
 134   0.437552E-02   0.119401E+02
 135   0.479767E-02   0.109544E+02
 136   0.526054E-02   0.100490E+02
 137   0.576806E-02   0.921650E+01
 138   0.632456E-02   0.845296E+01
 139   0.693474E-02   0.775039E+01
 140   0.760379E-02   0.710320E+01
 141   0.833739E-02   0.651439E+01
 142   0.914176E-02   0.597160E+01
 143   0.100237E-01   0.547202E+01
 144   0.109908E-01   0.501149E+01
 145   0.120512E-01   0.458591E+01
 146   0.132139E-01   0.418983E+01
 147   0.144887E-01   0.382699E+01
 148   0.158866E-01   0.349683E+01
 149   0.174193E-01   0.319659E+01
 150   0.190999E-01   0.292304E+01
 151   0.209426E-01   0.267220E+01
 152   0.229631E-01   0.244413E+01
 153   0.251785E-01   0.223681E+01
 154   0.276077E-01   0.204739E+01
 155   0.302712E-01   0.187376E+01
 156   0.331917E-01   0.171642E+01
 157   0.363940E-01   0.157257E+01
 158   0.399052E-01   0.144087E+01
 159   0.437552E-01   0.132116E+01
 160   0.479767E-01   0.121281E+01
 161   0.526054E-01   0.111350E+01
 162   0.576806E-01   0.102306E+01
 163   0.632456E-01   0.940543E+00
 164   0.693474E-01   0.865173E+00
 165   0.760379E-01   0.796395E+00
 166   0.833739E-01   0.734384E+00
 167   0.914176E-01   0.677735E+00
 168   0.100237E+00   0.625806E+00
 169   0.109908E+00   0.578443E+00
 170   0.120512E+00   0.535416E+00
 171   0.132139E+00   0.496228E+00
 172   0.144887E+00   0.460598E+00
 173   0.158866E+00   0.428079E+00
 174   0.174193E+00   0.398385E+00
 175   0.190999E+00   0.371270E+00
 176   0.209426E+00   0.346678E+00
 177   0.229631E+00   0.324282E+00
 178   0.251785E+00   0.303870E+00
 179   0.276077E+00   0.285182E+00
 180   0.302712E+00   0.268039E+00
 181   0.331917E+00   0.252698E+00
 182   0.363940E+00   0.238673E+00
 183   0.399052E+00   0.225814E+00
 184   0.437552E+00   0.214066E+00
 185   0.479767E+00   0.203356E+00
 186   0.526054E+00   0.193705E+00
 187   0.576806E+00   0.184918E+00
 188   0.632456E+00   0.176845E+00
 189   0.693474E+00   0.169429E+00
 190   0.760379E+00   0.162635E+00
 191   0.833739E+00   0.156648E+00
 192   0.914176E+00   0.151105E+00
 193   0.100237E+01   0.146032E+00
 194   0.109908E+01   0.141368E+00
 195   0.120512E+01   0.137042E+00
 196   0.132139E+01   0.133175E+00
 197   0.144887E+01   0.129554E+00
 198   0.158866E+01   0.126181E+00
 199   0.174193E+01   0.122969E+00
 200   0.190999E+01   0.119833E+00
 201   0.209426E+01   0.116852E+00
 202   0.229631E+01   0.113993E+00
 203   0.251785E+01   0.111125E+00
 204   0.276077E+01   0.108241E+00
 205   0.302712E+01   0.105340E+00
 206   0.331917E+01   0.102453E+00
 207   0.363940E+01   0.995401E-01
 208   0.399052E+01   0.965544E-01
 209   0.437552E+01   0.935140E-01
 210   0.479767E+01   0.904256E-01
 211   0.526054E+01   0.872634E-01
 212   0.576806E+01   0.840982E-01
 213   0.632456E+01   0.808745E-01
 214   0.693474E+01   0.776090E-01
 215   0.760379E+01   0.743192E-01
 216   0.833739E+01   0.709958E-01
 217   0.914176E+01   0.676726E-01
 218   0.100237E+02   0.643386E-01
 219   0.109908E+02   0.610021E-01
 220   0.120512E+02   0.576747E-01
 221   0.132139E+02   0.543464E-01
 222   0.144887E+02   0.509959E-01
 223   0.158866E+02   0.476763E-01
 224   0.174193E+02   0.444142E-01
 225   0.190999E+02   0.412282E-01
 226   0.209426E+02   0.380947E-01
 227   0.229631E+02   0.350051E-01
 228   0.251785E+02   0.320088E-01
 229   0.276077E+02   0.291078E-01
 230   0.302712E+02   0.263053E-01
 231   0.331917E+02   0.235907E-01
 232   0.363940E+02   0.209596E-01
 233   0.399052E+02   0.184649E-01
 234   0.437552E+02   0.161165E-01
 235   0.479767E+02   0.139213E-01
 236   0.526054E+02   0.118742E-01
 237   0.576806E+02   0.998363E-02
 238   0.632456E+02   0.827237E-02
 239   0.693474E+02   0.674000E-02
 240   0.760379E+02   0.538371E-02
 241   0.833739E+02   0.420152E-02
 242   0.914176E+02   0.319802E-02
 243   0.100237E+03   0.236355E-02
 244   0.109908E+03   0.168487E-02
 245   0.120512E+03   0.114752E-02
 246   0.132139E+03   0.745288E-03
 247   0.144887E+03   0.461903E-03
 248   0.158866E+03   0.269185E-03
 249   0.174193E+03   0.148370E-03
 250   0.190999E+03   0.845939E-04
