#  i        E [GeV]   yield [GeV^-1 ann^-1]
   1   0.209426E-07   0.464518E+01
   2   0.229631E-07   0.508374E+01
   3   0.251785E-07   0.482961E+01
   4   0.276077E-07   0.450534E+01
   5   0.302712E-07   0.461392E+01
   6   0.331917E-07   0.437543E+01
   7   0.363940E-07   0.360858E+01
   8   0.399052E-07   0.304728E+01
   9   0.437552E-07   0.365260E+01
  10   0.479767E-07   0.531545E+01
  11   0.526054E-07   0.453073E+01
  12   0.576806E-07   0.375862E+01
  13   0.632456E-07   0.412008E+01
  14   0.693474E-07   0.492991E+01
  15   0.760379E-07   0.560189E+01
  16   0.833739E-07   0.664252E+01
  17   0.914176E-07   0.639249E+01
  18   0.100237E-06   0.630835E+01
  19   0.109908E-06   0.662576E+01
  20   0.120512E-06   0.727669E+01
  21   0.132139E-06   0.798263E+01
  22   0.144887E-06   0.783658E+01
  23   0.158866E-06   0.852921E+01
  24   0.174193E-06   0.899142E+01
  25   0.190999E-06   0.849496E+01
  26   0.209426E-06   0.841109E+01
  27   0.229631E-06   0.969542E+01
  28   0.251785E-06   0.108873E+02
  29   0.276077E-06   0.115075E+02
  30   0.302712E-06   0.114568E+02
  31   0.331917E-06   0.111354E+02
  32   0.363940E-06   0.118644E+02
  33   0.399052E-06   0.125287E+02
  34   0.437552E-06   0.130747E+02
  35   0.479767E-06   0.136290E+02
  36   0.526054E-06   0.144376E+02
  37   0.576806E-06   0.152429E+02
  38   0.632456E-06   0.160408E+02
  39   0.693474E-06   0.167697E+02
  40   0.760379E-06   0.174911E+02
  41   0.833739E-06   0.188191E+02
  42   0.914176E-06   0.192991E+02
  43   0.100237E-05   0.205680E+02
  44   0.109908E-05   0.217657E+02
  45   0.120512E-05   0.223069E+02
  46   0.132139E-05   0.235708E+02
  47   0.144887E-05   0.248425E+02
  48   0.158866E-05   0.253427E+02
  49   0.174193E-05   0.263153E+02
  50   0.190999E-05   0.283768E+02
  51   0.209426E-05   0.296465E+02
  52   0.229631E-05   0.313712E+02
  53   0.251785E-05   0.327503E+02
  54   0.276077E-05   0.340289E+02
  55   0.302712E-05   0.355297E+02
  56   0.331917E-05   0.376138E+02
  57   0.363940E-05   0.391483E+02
  58   0.399052E-05   0.408719E+02
  59   0.437552E-05   0.427265E+02
  60   0.479767E-05   0.445883E+02
  61   0.526054E-05   0.467042E+02
  62   0.576806E-05   0.488295E+02
  63   0.632456E-05   0.513005E+02
  64   0.693474E-05   0.537741E+02
  65   0.760379E-05   0.559798E+02
  66   0.833739E-05   0.583098E+02
  67   0.914176E-05   0.610616E+02
  68   0.100237E-04   0.639840E+02
  69   0.109908E-04   0.670018E+02
  70   0.120512E-04   0.700216E+02
  71   0.132139E-04   0.730519E+02
  72   0.144887E-04   0.766809E+02
  73   0.158866E-04   0.800169E+02
  74   0.174193E-04   0.835082E+02
  75   0.190999E-04   0.873776E+02
  76   0.209426E-04   0.909243E+02
  77   0.229631E-04   0.951433E+02
  78   0.251785E-04   0.992636E+02
  79   0.276077E-04   0.103487E+03
  80   0.302712E-04   0.107923E+03
  81   0.331917E-04   0.112389E+03
  82   0.363940E-04   0.117372E+03
  83   0.399052E-04   0.122494E+03
  84   0.437552E-04   0.127538E+03
  85   0.479767E-04   0.132402E+03
  86   0.526054E-04   0.137715E+03
  87   0.576806E-04   0.143484E+03
  88   0.632456E-04   0.149126E+03
  89   0.693474E-04   0.154773E+03
  90   0.760379E-04   0.160468E+03
  91   0.833739E-04   0.166218E+03
  92   0.914176E-04   0.172318E+03
  93   0.100237E-03   0.178300E+03
  94   0.109908E-03   0.184098E+03
  95   0.120512E-03   0.189660E+03
  96   0.132139E-03   0.195377E+03
  97   0.144887E-03   0.201291E+03
  98   0.158866E-03   0.206847E+03
  99   0.174193E-03   0.212007E+03
 100   0.190999E-03   0.216741E+03
 101   0.209426E-03   0.221323E+03
 102   0.229631E-03   0.225878E+03
 103   0.251785E-03   0.229688E+03
 104   0.276077E-03   0.232852E+03
 105   0.302712E-03   0.235416E+03
 106   0.331917E-03   0.237329E+03
 107   0.363940E-03   0.238756E+03
 108   0.399052E-03   0.239383E+03
 109   0.437552E-03   0.239067E+03
 110   0.479767E-03   0.237758E+03
 111   0.526054E-03   0.235809E+03
 112   0.576806E-03   0.232969E+03
 113   0.632456E-03   0.229311E+03
 114   0.693474E-03   0.224837E+03
 115   0.760379E-03   0.219568E+03
 116   0.833739E-03   0.213637E+03
 117   0.914176E-03   0.207216E+03
 118   0.100237E-02   0.200192E+03
 119   0.109908E-02   0.192717E+03
 120   0.120512E-02   0.184965E+03
 121   0.132139E-02   0.177089E+03
 122   0.144887E-02   0.169032E+03
 123   0.158866E-02   0.160965E+03
 124   0.174193E-02   0.152975E+03
 125   0.190999E-02   0.145115E+03
 126   0.209426E-02   0.137393E+03
 127   0.229631E-02   0.129925E+03
 128   0.251785E-02   0.122724E+03
 129   0.276077E-02   0.115804E+03
 130   0.302712E-02   0.109185E+03
 131   0.331917E-02   0.102929E+03
 132   0.363940E-02   0.970045E+02
 133   0.399052E-02   0.914454E+02
 134   0.437552E-02   0.862522E+02
 135   0.479767E-02   0.814187E+02
 136   0.526054E-02   0.769897E+02
 137   0.576806E-02   0.729410E+02
 138   0.632456E-02   0.692514E+02
 139   0.693474E-02   0.658997E+02
 140   0.760379E-02   0.628598E+02
 141   0.833739E-02   0.601627E+02
 142   0.914176E-02   0.578201E+02
 143   0.100237E-01   0.557444E+02
 144   0.109908E-01   0.539035E+02
 145   0.120512E-01   0.522701E+02
 146   0.132139E-01   0.508904E+02
 147   0.144887E-01   0.497337E+02
 148   0.158866E-01   0.487010E+02
 149   0.174193E-01   0.477791E+02
 150   0.190999E-01   0.469517E+02
 151   0.209426E-01   0.462297E+02
 152   0.229631E-01   0.455966E+02
 153   0.251785E-01   0.449754E+02
 154   0.276077E-01   0.443513E+02
 155   0.302712E-01   0.437099E+02
 156   0.331917E-01   0.430596E+02
 157   0.363940E-01   0.423924E+02
 158   0.399052E-01   0.416712E+02
 159   0.437552E-01   0.408834E+02
 160   0.479767E-01   0.400220E+02
 161   0.526054E-01   0.391124E+02
 162   0.576806E-01   0.381390E+02
 163   0.632456E-01   0.370894E+02
 164   0.693474E-01   0.359696E+02
 165   0.760379E-01   0.347873E+02
 166   0.833739E-01   0.335527E+02
 167   0.914176E-01   0.322589E+02
 168   0.100237E+00   0.309218E+02
 169   0.109908E+00   0.295517E+02
 170   0.120512E+00   0.281573E+02
 171   0.132139E+00   0.267392E+02
 172   0.144887E+00   0.253120E+02
 173   0.158866E+00   0.238899E+02
 174   0.174193E+00   0.224816E+02
 175   0.190999E+00   0.210951E+02
 176   0.209426E+00   0.197317E+02
 177   0.229631E+00   0.184009E+02
 178   0.251785E+00   0.171141E+02
 179   0.276077E+00   0.158769E+02
 180   0.302712E+00   0.146937E+02
 181   0.331917E+00   0.135617E+02
 182   0.363940E+00   0.124852E+02
 183   0.399052E+00   0.114689E+02
 184   0.437552E+00   0.105131E+02
 185   0.479767E+00   0.961747E+01
 186   0.526054E+00   0.877726E+01
 187   0.576806E+00   0.799294E+01
 188   0.632456E+00   0.726444E+01
 189   0.693474E+00   0.658939E+01
 190   0.760379E+00   0.596523E+01
 191   0.833739E+00   0.538676E+01
 192   0.914176E+00   0.485320E+01
 193   0.100237E+01   0.436289E+01
 194   0.109908E+01   0.391296E+01
 195   0.120512E+01   0.350079E+01
 196   0.132139E+01   0.312283E+01
 197   0.144887E+01   0.277734E+01
 198   0.158866E+01   0.246294E+01
 199   0.174193E+01   0.217762E+01
 200   0.190999E+01   0.191936E+01
 201   0.209426E+01   0.168525E+01
 202   0.229631E+01   0.147432E+01
 203   0.251785E+01   0.128519E+01
 204   0.276077E+01   0.111617E+01
 205   0.302712E+01   0.965653E+00
 206   0.331917E+01   0.831821E+00
 207   0.363940E+01   0.713545E+00
 208   0.399052E+01   0.609514E+00
 209   0.437552E+01   0.518334E+00
 210   0.479767E+01   0.438712E+00
 211   0.526054E+01   0.369564E+00
 212   0.576806E+01   0.309868E+00
 213   0.632456E+01   0.258446E+00
 214   0.693474E+01   0.214338E+00
 215   0.760379E+01   0.176683E+00
 216   0.833739E+01   0.144858E+00
 217   0.914176E+01   0.118156E+00
 218   0.100237E+02   0.957712E-01
 219   0.109908E+02   0.771238E-01
 220   0.120512E+02   0.616962E-01
 221   0.132139E+02   0.491245E-01
 222   0.144887E+02   0.389724E-01
 223   0.158866E+02   0.307503E-01
 224   0.174193E+02   0.241365E-01
 225   0.190999E+02   0.188541E-01
 226   0.209426E+02   0.147190E-01
 227   0.229631E+02   0.115010E-01
 228   0.251785E+02   0.896906E-02
 229   0.276077E+02   0.698554E-02
 230   0.302712E+02   0.543857E-02
 231   0.331917E+02   0.425802E-02
 232   0.363940E+02   0.335015E-02
 233   0.399052E+02   0.263999E-02
 234   0.437552E+02   0.208251E-02
 235   0.479767E+02   0.164221E-02
 236   0.526054E+02   0.129738E-02
 237   0.576806E+02   0.101960E-02
 238   0.632456E+02   0.791246E-03
 239   0.693474E+02   0.601824E-03
 240   0.760379E+02   0.443571E-03
 241   0.833739E+02   0.312467E-03
 242   0.914176E+02   0.206709E-03
 243   0.100237E+03   0.124935E-03
 244   0.109908E+03   0.658366E-04
 245   0.120512E+03   0.274398E-04
 246   0.132139E+03   0.871709E-05
 247   0.144887E+03   0.224390E-05
 248   0.158866E+03   0.277287E-06
 249   0.174193E+03   0.761917E-08
 250   0.190999E+03   0.327429E-09
